#################################
 The Value is [  7207.   8285.   5370.  13891.   8222.   5929.   7461.  16711.  10959.
   8858.   6936.  11267.   5233.   7495.   7080.   9856.   5648.   9103.
   8641.  11419.   7471.   5148.   3877.   7630.  10854.   5499.   8576.
  17358.  32767.  32768.  32768.  32768.  32768.  32767.  32768.  27756.
  27836.  25991.  12469.  10572.  13842.   8414.  11223.  12628.   9931.
   4287.   8969.   9930.   9083.   6981.   8356.   8798.   8434.   7734.
   8354.   5558.  12538.   8334.   5412.   5478.]
 The frames are[[  7207.   8285.   5370.  13891.   8222.   5929.   7461.  16711.  10959.
    8858.   6936.  11267.   5233.   7495.   7080.   9856.   5648.   9103.
    8641.  11419.   7471.   5148.   3877.   7630.  10854.   5499.   8576.
   17358.  32767.  32768.]
 [ 32768.  32768.  32768.  32767.  32768.  27756.  27836.  25991.  12469.
   10572.  13842.   8414.  11223.  12628.   9931.   4287.   8969.   9930.
    9083.   6981.   8356.   8798.   8434.   7734.   8354.   5558.  12538.
    8334.   5412.   5478.]]END