#################################
 The Value is [  5831.   4930.   3259.   3761.   4423.   3625.   4034.   5391.   5814.
   6448.  15058.   7926.   6599.   4493.   3296.   3881.   8310.  32767.
  32768.  32768.  32768.  32768.  32767.  32768.  32768.  32768.  32768.
  32768.  32768.  32767.  27024.  26336.  11953.   9222.   6077.   5537.
   3102.   2209.   2323.   3008.   3926.   3483.   4200.   3749.   3592.
   3634.   5543.   4679.   6359.   3432.]
 The frames are[[  5831.   4930.   3259.   3761.   4423.   3625.   4034.   5391.   5814.
    6448.  15058.   7926.   6599.   4493.   3296.   3881.   8310.  32767.
   32768.  32768.]
 [ 32768.  32768.  32767.  32768.  32768.  32768.  32768.  32768.  32768.
   32767.  27024.  26336.  11953.   9222.   6077.   5537.   3102.   2209.
    2323.   3008.]
 [  3926.   3483.   4200.   3749.   3592.   3634.   5543.   4679.   6359.
    3432.      0.      0.      0.      0.      0.      0.      0.      0.
       0.      0.]]END