#################################
 The Value is [  8336.   7622.   5762.   5187.   4451.   5437.   4110.   3493.   2245.
   1873.   2072.   2006.   1545.   1914.   7205.   1635.   2649.   2132.
   2400.   8574.   8677.  32768.  32768.  32768.  32768.  32768.  32768.
  32768.  32768.  32768.  32768.  17687.  22541.   9011.   6222.   4705.
   3447.   2104.   1653.   1708.   2037.   1446.   1242.   1689.   1569.
   1409.   1739.   3051.   1810.   2158.]
 The frames are[[  8336.   7622.   5762.   5187.   4451.   5437.   4110.   3493.   2245.
    1873.   2072.   2006.   1545.   1914.   7205.   1635.   2649.   2132.
    2400.   8574.]
 [  8677.  32768.  32768.  32768.  32768.  32768.  32768.  32768.  32768.
   32768.  32768.  17687.  22541.   9011.   6222.   4705.   3447.   2104.
    1653.   1708.]
 [  2037.   1446.   1242.   1689.   1569.   1409.   1739.   3051.   1810.
    2158.      0.      0.      0.      0.      0.      0.      0.      0.
       0.      0.]]END