#################################
 The Value is [ 10777.   7458.   6964.   6730.   4627.   6292.   4481.   3136.   2662.
   2241.   2882.   2061.   2133.   2119.   2451.   2768.   2748.   3036.
   1958.   4896.   3221.   2777.   2938.   2318.   8371.  10617.  32768.
  32767.  32768.  32768.  31055.  32767.  32768.  32768.  32768.  32768.
  32768.  32768.  29399.  13597.   9155.   6729.   3952.   4416.   4142.
   2260.   2507.   2690.   2082.   2601.]
 The frames are[[ 10777.   7458.   6964.   6730.   4627.   6292.   4481.   3136.   2662.
    2241.   2882.   2061.   2133.   2119.   2451.   2768.   2748.   3036.
    1958.   4896.]
 [  3221.   2777.   2938.   2318.   8371.  10617.  32768.  32767.  32768.
   32768.  31055.  32767.  32768.  32768.  32768.  32768.  32768.  32768.
   29399.  13597.]
 [  9155.   6729.   3952.   4416.   4142.   2260.   2507.   2690.   2082.
    2601.      0.      0.      0.      0.      0.      0.      0.      0.
       0.      0.]]END