#################################
 The Value is [ 15513.  11321.  12719.  11669.   8126.   8495.  10130.   6555.   9404.
   8224.  10456.   9132.   6421.   9228.   5586.   6758.   5054.   5127.
   7253.   5797.   7468.   8755.   7303.  10524.   9556.   8859.   9962.
  21944.  16594.  19160.  22408.  23254.  12308.  12940.  10598.   7739.
   8402.   9203.   7501.   6839.   8175.   7965.   5767.  20436.  17433.
  14428.   6943.  10721.   7521.  15550.]
 The frames are[[ 15513.  11321.  12719.  11669.   8126.   8495.  10130.   6555.   9404.
    8224.  10456.   9132.   6421.   9228.   5586.   6758.   5054.   5127.
    7253.   5797.   7468.   8755.   7303.  10524.   9556.   8859.   9962.
   21944.  16594.  19160.]]END