#################################
 The Value is [ 10921.  18269.   7447.   7094.   9117.   8348.   5567.   6834.   8921.
   8013.  10588.   4992.  16896.  29624.  19538.  10750.  23870.  11449.
  13826.  16018.   5498.   9602.  15291.  21292.   5383.   8876.  14806.
  21341.  10226.  12371.  13007.  19542.  13741.  11838.  32768.  32768.
  32768.  32768.  32768.  32768.  32768.  32768.  32768.  32768.  32768.
  32768.  32768.  32768.  32768.  32768.]
 The frames are[[ 10921.  18269.   7447.   7094.   9117.   8348.   5567.   6834.   8921.
    8013.  10588.   4992.  16896.  29624.  19538.  10750.  23870.  11449.
   13826.  16018.   5498.   9602.  15291.  21292.   5383.   8876.  14806.
   21341.  10226.  12371.]]END