#################################
 The Value is [  9782.   7727.  12267.  11715.  18194.   9233.   9213.  10699.   5035.
  11861.   9648.  17226.  15703.  15116.   7578.  12465.   4434.  17462.
  10264.   7880.   5781.   5424.   6499.  13071.   9828.  17790.  10740.
   8657.  13863.   8319.   8761.  11932.  32768.  32768.  32768.  32768.
  32768.  32768.  32768.  32768.  31367.  32768.  32768.  12441.   7288.
   6200.   6307.  15043.   8902.  12355.]
 The frames are[[  9782.   7727.  12267.  11715.  18194.   9233.   9213.  10699.   5035.
   11861.   9648.  17226.  15703.  15116.   7578.  12465.   4434.  17462.
   10264.   7880.   5781.   5424.   6499.  13071.   9828.  17790.  10740.
    8657.  13863.   8319.]]END