#################################
 The Value is [ 13003.  10416.  11123.  13019.   8150.   9016.  13033.   7735.  10993.
  14419.  18673.  10064.  16300.  10602.   8191.  13627.  12633.  17472.
  12015.  12518.  17132.   8868.  19626.  13913.  11361.  12175.   9848.
  11185.   5020.  12224.  13575.   7604.  11947.   8603.]
 The frames are[[ 13003.  10416.  11123.  13019.   8150.   9016.  13033.   7735.  10993.
   14419.  18673.  10064.  16300.  10602.   8191.  13627.  12633.  17472.
   12015.  12518.]
 [ 17132.   8868.  19626.  13913.  11361.  12175.   9848.  11185.   5020.
   12224.  13575.   7604.  11947.   8603.      0.      0.      0.      0.
       0.      0.]]END#################################
 The Value is [  9063.   6982.   6964.   8107.   4892.  11197.   9533.   9385.  10642.
   7527.   6385.   6040.   6119.   4790.   7891.   8073.   8079.   9123.
  10418.   7778.  14059.  10351.   8769.  11432.  11962.   8690.   8582.
   8459.   6754.   5200.   4544.   7158.   9019.   5801.]
 The frames are[[  9063.   6982.   6964.   8107.   4892.  11197.   9533.   9385.  10642.
    7527.   6385.   6040.   6119.   4790.   7891.   8073.   8079.   9123.
   10418.   7778.]
 [ 14059.  10351.   8769.  11432.  11962.   8690.   8582.   8459.   6754.
    5200.   4544.   7158.   9019.   5801.      0.      0.      0.      0.
       0.      0.]]END